cwh2 0.9922360248447205 0.0015527950310559005 0.006211180124223602
cxz2 0.9769021739130435 0.012228260869565218 0.010869565217391304
cyk2 0.9958217270194986 0.002785515320334262 0.001392757660167131
czm2 0.9565627950897073 0.01794145420207743 0.025495750708215296
gjy2 0.9378787878787879 0.012878787878787878 0.04924242424242424
gyz2 0.9950207468879668 0.0008298755186721991 0.004149377593360996
hct2 0.9787234042553191 0.0035460992907801418 0.01773049645390071
hfy2 0.982573726541555 0.004021447721179625 0.013404825737265416
lmq2 0.9708963911525029 0.023282887077997673 0.005820721769499418
lqh2 0.9756838905775076 0.00303951367781155 0.02127659574468085
lzj2 0.9923591212989494 0.0057306590257879654 0.0019102196752626551
wbt2 0.9844789356984479 0.0066518847006651885 0.008869179600886918
wl2 0.9874141876430206 0.008009153318077803 0.004576659038901602
xq2 0.9938366718027735 0.0 0.0061633281972265025
yyw2 0.9706877113866967 0.011273957158962795 0.018038331454340473
zn2 0.9921259842519685 0.007874015748031496 0.0
cwh2 0.9953416149068323 0.0015527950310559005 0.003105590062111801
cxz2 0.9836956521739131 0.001358695652173913 0.014945652173913044
cyk2 0.9958217270194986 0.004178272980501393 0.0
czm2 0.9763928234183191 0.007554296506137866 0.016052880075542966
gjy2 0.95 0.007575757575757576 0.04242424242424243
gyz2 0.9983402489626556 0.0008298755186721991 0.0008298755186721991
hct2 0.9905437352245863 0.002364066193853428 0.0070921985815602835
hfy2 0.985254691689008 0.0 0.014745308310991957
lmq2 0.9732246798603027 0.01979045401629802 0.006984866123399301
lqh2 0.986322188449848 0.00303951367781155 0.010638297872340425
lzj2 0.9961795606494747 0.0028653295128939827 0.0009551098376313276
wbt2 0.9866962305986696 0.0066518847006651885 0.0066518847006651885
wl2 0.9919908466819222 0.006864988558352402 0.0011441647597254005
xq2 0.9953775038520801 0.0 0.004622496147919877
yyw2 0.9864712514092446 0.002254791431792559 0.011273957158962795
zn2 0.984251968503937 0.015748031496062992 0.0
cwh2 0.9937888198757764 0.0 0.006211180124223602
cxz2 0.9864130434782609 0.001358695652173913 0.012228260869565218
cyk2 0.9958217270194986 0.004178272980501393 0.0
czm2 0.983947119924457 0.0056657223796034 0.010387157695939566
gjy2 0.9719696969696969 0.006060606060606061 0.02196969696969697
gyz2 0.9983402489626556 0.0008298755186721991 0.0008298755186721991
hct2 0.9905437352245863 0.004728132387706856 0.004728132387706856
hfy2 0.9892761394101877 0.0013404825737265416 0.00938337801608579
lmq2 0.9755529685681025 0.018626309662398137 0.005820721769499418
lqh2 0.986322188449848 0.00303951367781155 0.010638297872340425
lzj2 0.9961795606494747 0.0038204393505253103 0.0
wbt2 0.9855875831485588 0.005543237250554324 0.008869179600886918
wl2 0.9954233409610984 0.003432494279176201 0.0011441647597254005
xq2 0.9969183359013868 0.0 0.0030816640986132513
yyw2 0.9864712514092446 0.0033821871476888386 0.010146561443066516
zn2 0.988976377952756 0.011023622047244094 0.0